Scheduler started
thread1 running
thread1 exiting
thread2 running
First of thread2
second of thread2
thread2 exiting
thread3 running
3 0
3 100
3 200
3 300
3 400
3 500
3 600
3 700
3 800
3 900
3 1000
3 1100
3 1200
3 1300
3 1400
3 1500
3 1600
3 1700
3 1800
3 1900
3 2000
3 2100
3 2200
3 2300
3 2400
3 2500
3 2600
3 2700
3 2800
3 2900
3 3000
3 3100
3 3200
3 3300
3 3400
3 3500
3 3600
3 3700
3 3800
3 3900
3 4000
3 4100
3 4200
3 4300
3 4400
3 4500
3 4600
3 4700
3 4800
3 4900
3 5000
3 5100
3 5200
3 5300
3 5400
3 5500
3 5600
3 5700
3 5800
3 5900
3 6000
3 6100
3 6200
3 6300
3 6400
3 6500
3 6600
3 6700
3 6800
3 6900
3 7000
3 7100
3 7200
3 7300
3 7400
3 7500
3 7600
3 7700
3 7800
3 7900
3 8000
3 8100
3 8200
3 8300
3 8400
3 8500
3 8600
3 8700
3 8800
3 8900
3 9000
3 9100
3 9200
3 9300
3 9400
3 9500
3 9600
3 9700
3 9800
3 9900
3 10000
3 10100
3 10200
3 10300
3 10400
3 10500
3 10600
3 10700
3 10800
3 10900
3 11000
3 11100
3 11200
3 11300
3 11400
3 11500
3 11600
3 11700
3 11800
3 11900
3 12000
3 12100
3 12200
3 12300
3 12400
3 12500
3 12600
3 12700
3 12800
3 12900
3 13000
3 13100
3 13200
3 13300
3 13400
3 13500
3 13600
3 13700
3 13800
3 13900
3 14000
3 14100
3 14200
3 14300
3 14400
3 14500
3 14600
3 14700
3 14800
3 14900
3 15000
3 15100
3 15200
3 15300
3 15400
3 15500
3 15600
3 15700
3 15800
3 15900
3 16000
3 16100
3 16200
3 16300
3 16400
3 16500
3 16600
3 16700
3 16800
3 16900
3 17000
3 17100
3 17200
3 17300
3 17400
3 17500
3 17600
3 17700
3 17800
3 17900
3 18000
3 18100
3 18200
3 18300
3 18400
3 18500
3 18600
3 18700
3 18800
3 18900
3 19000
3 19100
3 19200
3 19300
3 19400
3 19500
3 19600
3 19700
3 19800
3 19900
3 20000
3 20100
3 20200
3 20300
3 20400
3 20500
3 20600
3 20700
3 20800
3 20900
3 21000
3 21100
3 21200
3 21300
3 21400
3 21500
3 21600
3 21700
3 21800
3 21900
3 22000
3 22100
3 22200
3 22300
3 22400
3 22500
3 22600
3 22700
3 22800
3 22900
3 23000
3 23100
3 23200
3 23300
3 23400
3 23500
3 23600
3 23700
3 23800
3 23900
3 24000
3 24100
3 24200
3 24300
3 24400
3 24500
3 24600
3 24700
3 24800
3 24900
3 25000
3 25100
3 25200
3 25300
3 25400
3 25500
3 25600
3 25700
3 25800
3 25900
3 26000
3 26100
3 26200
3 26300
3 26400
3 26500
3 26600
3 26700
3 26800
3 26900
3 27000
3 27100
3 27200
3 27300
3 27400
3 27500
3 27600
3 27700
3 27800
3 27900
3 28000
3 28100
3 28200
3 28300
3 28400
3 28500
3 28600
3 28700
3 28800
3 28900
3 29000
3 29100
3 29200
3 29300
3 29400
3 29500
3 29600
3 29700
3 29800
3 29900
3 30000
3 30100
3 30200
3 30300
3 30400
3 30500
3 30600
3 30700
3 30800
3 30900
3 31000
3 31100
3 31200
3 31300
3 31400
3 31500
3 31600
3 31700
3 31800
3 31900
3 32000
3 32100
3 32200
3 32300
3 32400
3 32500
3 32600
3 32700
3 32800
3 32900
3 33000
3 33100
3 33200
3 33300
3 33400
3 33500
3 33600
3 33700
3 33800
3 33900
3 34000
3 34100
3 34200
3 34300
3 34400
3 34500
3 34600
3 34700
3 34800
3 34900
3 35000
3 35100
3 35200
3 35300
3 35400
3 35500
3 35600
3 35700
3 35800
3 35900
3 36000
3 36100
3 36200
3 36300
3 36400
3 36500
3 36600
3 36700
3 36800
3 36900
3 37000
3 37100
3 37200
3 37300
3 37400
3 37500
3 37600
3 37700
3 37800
3 37900
3 38000
3 38100
3 38200
3 38300
3 38400
3 38500
3 38600
3 38700
3 38800
3 38900
3 39000
3 39100
3 39200
3 39300
3 39400
3 39500
3 39600
3 39700
3 39800
3 39900
3 40000
3 40100
3 40200
3 40300
3 40400
3 40500
3 40600
3 40700
3 40800
3 40900
3 41000
3 41100
3 41200
3 41300
3 41400
3 41500
3 41600
3 41700
3 41800
3 41900
3 42000
3 42100
3 42200
3 42300
3 42400
3 42500
3 42600
3 42700
3 42800
3 42900
3 43000
3 43100
3 43200
3 43300
3 43400
3 43500
3 43600
3 43700
3 43800
3 43900
3 44000
3 44100
3 44200
3 44300
3 44400
3 44500
3 44600
3 44700
3 44800
3 44900
3 45000
3 45100
3 45200
3 45300
3 45400
3 45500
3 45600
3 45700
3 45800
3 45900
3 46000
3 46100
3 46200
3 46300
3 46400
3 46500
3 46600
3 46700
3 46800
3 46900
3 47000
3 47100
3 47200
3 47300
3 47400
3 47500
3 47600
3 47700
3 47800
3 47900
3 48000
3 48100
3 48200
3 48300
3 48400
3 48500
3 48600
3 48700
3 48800
3 48900
3 49000
3 49100
3 49200
3 49300
3 49400
3 49500
3 49600
3 49700
3 49800
3 49900
thread3 exiting
thread4 running
4 0
4 100
4 200
4 300
4 400
4 500
4 600
4 700
4 800
4 900
4 1000
4 1100
4 1200
4 1300
4 1400
4 1500
4 1600
4 1700
4 1800
4 1900
4 2000
4 2100
4 2200
4 2300
4 2400
4 2500
4 2600
4 2700
4 2800
4 2900
4 3000
4 3100
4 3200
4 3300
4 3400
4 3500
4 3600
4 3700
4 3800
4 3900
4 4000
4 4100
4 4200
4 4300
4 4400
4 4500
4 4600
4 4700
4 4800
4 4900
4 5000
4 5100
4 5200
4 5300
4 5400
4 5500
4 5600
4 5700
4 5800
4 5900
4 6000
4 6100
4 6200
4 6300
4 6400
4 6500
4 6600
4 6700
4 6800
4 6900
4 7000
4 7100
4 7200
4 7300
4 7400
4 7500
4 7600
4 7700
4 7800
4 7900
4 8000
4 8100
4 8200
4 8300
4 8400
4 8500
4 8600
4 8700
4 8800
4 8900
4 9000
4 9100
4 9200
4 9300
4 9400
4 9500
4 9600
4 9700
4 9800
4 9900
4 10000
4 10100
4 10200
4 10300
4 10400
4 10500
4 10600
4 10700
4 10800
4 10900
4 11000
4 11100
4 11200
4 11300
4 11400
4 11500
4 11600
4 11700
4 11800
4 11900
4 12000
4 12100
4 12200
4 12300
4 12400
4 12500
4 12600
4 12700
4 12800
4 12900
4 13000
4 13100
4 13200
4 13300
4 13400
4 13500
4 13600
4 13700
4 13800
4 13900
4 14000
4 14100
4 14200
4 14300
4 14400
4 14500
4 14600
4 14700
4 14800
4 14900
4 15000
4 15100
4 15200
4 15300
4 15400
4 15500
4 15600
4 15700
4 15800
4 15900
4 16000
4 16100
4 16200
4 16300
4 16400
4 16500
4 16600
4 16700
4 16800
4 16900
4 17000
4 17100
4 17200
4 17300
4 17400
4 17500
4 17600
4 17700
4 17800
4 17900
4 18000
4 18100
4 18200
4 18300
4 18400
4 18500
4 18600
4 18700
4 18800
4 18900
4 19000
4 19100
4 19200
4 19300
4 19400
4 19500
4 19600
4 19700
4 19800
4 19900
4 20000
4 20100
4 20200
4 20300
4 20400
4 20500
4 20600
4 20700
4 20800
4 20900
4 21000
4 21100
4 21200
4 21300
4 21400
4 21500
4 21600
4 21700
4 21800
4 21900
4 22000
4 22100
4 22200
4 22300
4 22400
4 22500
4 22600
4 22700
4 22800
4 22900
4 23000
4 23100
4 23200
4 23300
4 23400
4 23500
4 23600
4 23700
4 23800
4 23900
4 24000
4 24100
4 24200
4 24300
4 24400
4 24500
4 24600
4 24700
4 24800
4 24900
4 25000
4 25100
4 25200
4 25300
4 25400
4 25500
4 25600
4 25700
4 25800
4 25900
4 26000
4 26100
4 26200
4 26300
4 26400
4 26500
4 26600
4 26700
4 26800
4 26900
4 27000
4 27100
4 27200
4 27300
4 27400
4 27500
4 27600
4 27700
4 27800
4 27900
4 28000
4 28100
4 28200
4 28300
4 28400
4 28500
4 28600
4 28700
4 28800
4 28900
4 29000
4 29100
4 29200
4 29300
4 29400
4 29500
4 29600
4 29700
4 29800
4 29900
4 30000
4 30100
4 30200
4 30300
4 30400
4 30500
4 30600
4 30700
4 30800
4 30900
4 31000
4 31100
4 31200
4 31300
4 31400
4 31500
4 31600
4 31700
4 31800
4 31900
4 32000
4 32100
4 32200
4 32300
4 32400
4 32500
4 32600
4 32700
4 32800
4 32900
4 33000
4 33100
4 33200
4 33300
4 33400
4 33500
4 33600
4 33700
4 33800
4 33900
4 34000
4 34100
4 34200
4 34300
4 34400
4 34500
4 34600
4 34700
4 34800
4 34900
4 35000
4 35100
4 35200
4 35300
4 35400
4 35500
4 35600
4 35700
4 35800
4 35900
4 36000
4 36100
4 36200
4 36300
4 36400
4 36500
4 36600
4 36700
4 36800
4 36900
4 37000
4 37100
4 37200
4 37300
4 37400
4 37500
4 37600
4 37700
4 37800
4 37900
4 38000
4 38100
4 38200
4 38300
4 38400
4 38500
4 38600
4 38700
4 38800
4 38900
4 39000
4 39100
4 39200
4 39300
4 39400
4 39500
4 39600
4 39700
4 39800
4 39900
4 40000
4 40100
4 40200
4 40300
4 40400
4 40500
4 40600
4 40700
4 40800
4 40900
4 41000
4 41100
4 41200
4 41300
4 41400
4 41500
4 41600
4 41700
4 41800
4 41900
4 42000
4 42100
4 42200
4 42300
4 42400
4 42500
4 42600
4 42700
4 42800
4 42900
4 43000
4 43100
4 43200
4 43300
4 43400
4 43500
4 43600
4 43700
4 43800
4 43900
4 44000
4 44100
4 44200
4 44300
4 44400
4 44500
4 44600
4 44700
4 44800
4 44900
4 45000
4 45100
4 45200
4 45300
4 45400
4 45500
4 45600
4 45700
4 45800
4 45900
4 46000
4 46100
4 46200
4 46300
4 46400
4 46500
4 46600
4 46700
4 46800
4 46900
4 47000
4 47100
4 47200
4 47300
4 47400
4 47500
4 47600
4 47700
4 47800
4 47900
4 48000
4 48100
4 48200
4 48300
4 48400
4 48500
4 48600
4 48700
4 48800
4 48900
4 49000
4 49100
4 49200
4 49300
4 49400
4 49500
4 49600
4 49700
4 49800
4 49900
4 50000
4 50100
4 50200
4 50300
4 50400
4 50500
4 50600
4 50700
4 50800
4 50900
4 51000
4 51100
4 51200
4 51300
4 51400
4 51500
4 51600
4 51700
4 51800
4 51900
4 52000
4 52100
4 52200
4 52300
4 52400
4 52500
4 52600
4 52700
4 52800
4 52900
4 53000
4 53100
4 53200
4 53300
4 53400
4 53500
4 53600
4 53700
4 53800
4 53900
4 54000
4 54100
4 54200
4 54300
4 54400
4 54500
4 54600
4 54700
4 54800
4 54900
4 55000
4 55100
4 55200
4 55300
4 55400
4 55500
4 55600
4 55700
4 55800
4 55900
4 56000
4 56100
4 56200
4 56300
4 56400
4 56500
4 56600
4 56700
4 56800
4 56900
4 57000
4 57100
4 57200
4 57300
4 57400
4 57500
4 57600
4 57700
4 57800
4 57900
4 58000
4 58100
4 58200
4 58300
4 58400
4 58500
4 58600
4 58700
4 58800
4 58900
4 59000
4 59100
4 59200
4 59300
4 59400
4 59500
4 59600
4 59700
4 59800
4 59900
4 60000
4 60100
4 60200
4 60300
4 60400
4 60500
4 60600
4 60700
4 60800
4 60900
4 61000
4 61100
4 61200
4 61300
4 61400
4 61500
4 61600
4 61700
4 61800
4 61900
4 62000
4 62100
4 62200
4 62300
4 62400
4 62500
4 62600
4 62700
4 62800
4 62900
4 63000
4 63100
4 63200
4 63300
4 63400
4 63500
4 63600
4 63700
4 63800
4 63900
4 64000
4 64100
4 64200
4 64300
4 64400
4 64500
4 64600
4 64700
4 64800
4 64900
4 65000
4 65100
4 65200
4 65300
4 65400
4 65500
4 65600
4 65700
4 65800
4 65900
4 66000
4 66100
4 66200
4 66300
4 66400
4 66500
4 66600
4 66700
4 66800
4 66900
4 67000
4 67100
4 67200
4 67300
4 67400
4 67500
4 67600
4 67700
4 67800
4 67900
4 68000
4 68100
4 68200
4 68300
4 68400
4 68500
4 68600
4 68700
4 68800
4 68900
4 69000
4 69100
4 69200
4 69300
4 69400
4 69500
4 69600
4 69700
4 69800
4 69900
4 70000
4 70100
4 70200
4 70300
4 70400
4 70500
4 70600
4 70700
4 70800
4 70900
4 71000
4 71100
4 71200
4 71300
4 71400
4 71500
4 71600
4 71700
4 71800
4 71900
4 72000
4 72100
4 72200
4 72300
4 72400
4 72500
4 72600
4 72700
4 72800
4 72900
4 73000
4 73100
4 73200
4 73300
4 73400
4 73500
4 73600
4 73700
4 73800
4 73900
4 74000
4 74100
4 74200
4 74300
4 74400
4 74500
4 74600
4 74700
4 74800
4 74900
4 75000
4 75100
4 75200
4 75300
4 75400
4 75500
4 75600
4 75700
4 75800
4 75900
4 76000
4 76100
4 76200
4 76300
4 76400
4 76500
4 76600
4 76700
4 76800
4 76900
4 77000
4 77100
4 77200
4 77300
4 77400
4 77500
4 77600
4 77700
4 77800
4 77900
4 78000
4 78100
4 78200
4 78300
4 78400
4 78500
4 78600
4 78700
4 78800
4 78900
4 79000
4 79100
4 79200
4 79300
4 79400
4 79500
4 79600
4 79700
4 79800
4 79900
4 80000
4 80100
4 80200
4 80300
4 80400
4 80500
4 80600
4 80700
4 80800
4 80900
4 81000
4 81100
4 81200
4 81300
4 81400
4 81500
4 81600
4 81700
4 81800
4 81900
4 82000
4 82100
4 82200
4 82300
4 82400
4 82500
4 82600
4 82700
4 82800
4 82900
4 83000
4 83100
4 83200
4 83300
4 83400
4 83500
4 83600
4 83700
4 83800
4 83900
4 84000
4 84100
4 84200
4 84300
4 84400
4 84500
4 84600
4 84700
4 84800
4 84900
4 85000
4 85100
4 85200
4 85300
4 85400
4 85500
4 85600
4 85700
4 85800
4 85900
4 86000
4 86100
4 86200
4 86300
4 86400
4 86500
4 86600
4 86700
4 86800
4 86900
4 87000
4 87100
4 87200
4 87300
4 87400
4 87500
4 87600
4 87700
4 87800
4 87900
4 88000
4 88100
4 88200
4 88300
4 88400
4 88500
4 88600
4 88700
4 88800
4 88900
4 89000
4 89100
4 89200
4 89300
4 89400
4 89500
4 89600
4 89700
4 89800
4 89900
4 90000
4 90100
4 90200
4 90300
4 90400
4 90500
4 90600
4 90700
4 90800
4 90900
4 91000
4 91100
4 91200
4 91300
4 91400
4 91500
4 91600
4 91700
4 91800
4 91900
4 92000
4 92100
4 92200
4 92300
4 92400
4 92500
4 92600
4 92700
4 92800
4 92900
4 93000
4 93100
4 93200
4 93300
4 93400
4 93500
4 93600
4 93700
4 93800
4 93900
4 94000
4 94100
4 94200
4 94300
4 94400
4 94500
4 94600
4 94700
4 94800
4 94900
4 95000
4 95100
4 95200
4 95300
4 95400
4 95500
4 95600
4 95700
4 95800
4 95900
4 96000
4 96100
4 96200
4 96300
4 96400
4 96500
4 96600
4 96700
4 96800
4 96900
4 97000
4 97100
4 97200
4 97300
4 97400
4 97500
4 97600
4 97700
4 97800
4 97900
4 98000
4 98100
4 98200
4 98300
4 98400
4 98500
4 98600
4 98700
4 98800
4 98900
4 99000
4 99100
4 99200
4 99300
4 99400
4 99500
4 99600
4 99700
4 99800
4 99900
4 100000
4 100100
4 100200
4 100300
4 100400
4 100500
4 100600
4 100700
4 100800
4 100900
4 101000
4 101100
4 101200
4 101300
4 101400
4 101500
4 101600
4 101700
4 101800
4 101900
4 102000
4 102100
4 102200
4 102300
4 102400
4 102500
4 102600
4 102700
4 102800
4 102900
4 103000
4 103100
4 103200
4 103300
4 103400
4 103500
4 103600
4 103700
4 103800
4 103900
4 104000
4 104100
4 104200
4 104300
4 104400
4 104500
4 104600
4 104700
4 104800
4 104900
4 105000
4 105100
4 105200
4 105300
4 105400
4 105500
4 105600
4 105700
4 105800
4 105900
4 106000
4 106100
4 106200
4 106300
4 106400
4 106500
4 106600
4 106700
4 106800
4 106900
4 107000
4 107100
4 107200
4 107300
4 107400
4 107500
4 107600
4 107700
4 107800
4 107900
4 108000
4 108100
4 108200
4 108300
4 108400
4 108500
4 108600
4 108700
4 108800
4 108900
4 109000
4 109100
4 109200
4 109300
4 109400
4 109500
4 109600
4 109700
4 109800
4 109900
4 110000
4 110100
4 110200
4 110300
4 110400
4 110500
4 110600
4 110700
4 110800
4 110900
4 111000
4 111100
4 111200
4 111300
4 111400
4 111500
4 111600
4 111700
4 111800
4 111900
4 112000
4 112100
4 112200
4 112300
4 112400
4 112500
4 112600
4 112700
4 112800
4 112900
4 113000
4 113100
4 113200
4 113300
4 113400
4 113500
4 113600
4 113700
4 113800
4 113900
4 114000
4 114100
4 114200
4 114300
4 114400
4 114500
4 114600
4 114700
4 114800
4 114900
4 115000
4 115100
4 115200
4 115300
4 115400
4 115500
4 115600
4 115700
4 115800
4 115900
4 116000
4 116100
4 116200
4 116300
4 116400
4 116500
4 116600
4 116700
4 116800
4 116900
4 117000
4 117100
4 117200
4 117300
4 117400
4 117500
4 117600
4 117700
4 117800
4 117900
4 118000
4 118100
4 118200
4 118300
4 118400
4 118500
4 118600
4 118700
4 118800
4 118900
4 119000
4 119100
4 119200
4 119300
4 119400
4 119500
4 119600
4 119700
4 119800
4 119900
4 120000
4 120100
4 120200
4 120300
4 120400
4 120500
4 120600
4 120700
4 120800
4 120900
4 121000
4 121100
4 121200
4 121300
4 121400
4 121500
4 121600
4 121700
4 121800
4 121900
4 122000
4 122100
4 122200
4 122300
4 122400
4 122500
4 122600
4 122700
4 122800
4 122900
4 123000
4 123100
4 123200
4 123300
4 123400
4 123500
4 123600
4 123700
4 123800
4 123900
4 124000
4 124100
4 124200
4 124300
4 124400
4 124500
4 124600
4 124700
4 124800
4 124900
4 125000
4 125100
4 125200
4 125300
4 125400
4 125500
4 125600
4 125700
4 125800
4 125900
4 126000
4 126100
4 126200
4 126300
4 126400
4 126500
4 126600
4 126700
4 126800
4 126900
4 127000
4 127100
4 127200
4 127300
4 127400
4 127500
4 127600
4 127700
4 127800
4 127900
4 128000
4 128100
4 128200
4 128300
4 128400
4 128500
4 128600
4 128700
4 128800
4 128900
4 129000
4 129100
4 129200
4 129300
4 129400
4 129500
4 129600
4 129700
4 129800
4 129900
4 130000
4 130100
4 130200
4 130300
4 130400
4 130500
4 130600
4 130700
4 130800
4 130900
4 131000
4 131100
4 131200
4 131300
4 131400
4 131500
4 131600
4 131700
4 131800
4 131900
4 132000
4 132100
4 132200
4 132300
4 132400
4 132500
4 132600
4 132700
4 132800
4 132900
4 133000
4 133100
4 133200
4 133300
4 133400
4 133500
4 133600
4 133700
4 133800
4 133900
4 134000
4 134100
4 134200
4 134300
4 134400
4 134500
4 134600
4 134700
4 134800
4 134900
4 135000
4 135100
4 135200
4 135300
4 135400
4 135500
4 135600
4 135700
4 135800
4 135900
4 136000
4 136100
4 136200
4 136300
4 136400
4 136500
4 136600
4 136700
4 136800
4 136900
4 137000
4 137100
4 137200
4 137300
4 137400
4 137500
4 137600
4 137700
4 137800
4 137900
4 138000
4 138100
4 138200
4 138300
4 138400
4 138500
4 138600
4 138700
4 138800
4 138900
4 139000
4 139100
4 139200
4 139300
4 139400
4 139500
4 139600
4 139700
4 139800
4 139900
4 140000
4 140100
4 140200
4 140300
4 140400
4 140500
4 140600
4 140700
4 140800
4 140900
4 141000
4 141100
4 141200
4 141300
4 141400
4 141500
4 141600
4 141700
4 141800
4 141900
4 142000
4 142100
4 142200
4 142300
4 142400
4 142500
4 142600
4 142700
4 142800
4 142900
4 143000
4 143100
4 143200
4 143300
4 143400
4 143500
4 143600
4 143700
4 143800
4 143900
4 144000
4 144100
4 144200
4 144300
4 144400
4 144500
4 144600
4 144700
4 144800
4 144900
4 145000
4 145100
4 145200
4 145300
4 145400
4 145500
4 145600
4 145700
4 145800
4 145900
4 146000
4 146100
4 146200
4 146300
4 146400
4 146500
4 146600
4 146700
4 146800
4 146900
4 147000
4 147100
4 147200
4 147300
4 147400
4 147500
4 147600
4 147700
4 147800
4 147900
4 148000
4 148100
4 148200
4 148300
4 148400
4 148500
4 148600
4 148700
4 148800
4 148900
4 149000
4 149100
4 149200
4 149300
4 149400
4 149500
4 149600
4 149700
4 149800
4 149900
4 150000
4 150100
4 150200
4 150300
4 150400
4 150500
4 150600
4 150700
4 150800
4 150900
4 151000
4 151100
4 151200
4 151300
4 151400
4 151500
4 151600
4 151700
4 151800
4 151900
4 152000
4 152100
4 152200
4 152300
4 152400
4 152500
4 152600
4 152700
4 152800
4 152900
4 153000
4 153100
4 153200
4 153300
4 153400
4 153500
4 153600
4 153700
4 153800
4 153900
4 154000
4 154100
4 154200
4 154300
4 154400
4 154500
4 154600
4 154700
4 154800
4 154900
4 155000
4 155100
4 155200
4 155300
4 155400
4 155500
4 155600
4 155700
4 155800
4 155900
4 156000
4 156100
4 156200
4 156300
4 156400
4 156500
4 156600
4 156700
4 156800
4 156900
4 157000
4 157100
4 157200
4 157300
4 157400
4 157500
4 157600
4 157700
4 157800
4 157900
4 158000
4 158100
4 158200
4 158300
4 158400
4 158500
4 158600
4 158700
4 158800
4 158900
4 159000
4 159100
4 159200
4 159300
4 159400
4 159500
4 159600
4 159700
4 159800
4 159900
4 160000
4 160100
4 160200
4 160300
4 160400
4 160500
4 160600
4 160700
4 160800
4 160900
4 161000
4 161100
4 161200
4 161300
4 161400
4 161500
4 161600
4 161700
4 161800
4 161900
4 162000
4 162100
4 162200
4 162300
4 162400
4 162500
4 162600
4 162700
4 162800
4 162900
4 163000
4 163100
4 163200
4 163300
4 163400
4 163500
4 163600
4 163700
4 163800
4 163900
4 164000
4 164100
4 164200
4 164300
4 164400
4 164500
4 164600
4 164700
4 164800
4 164900
4 165000
4 165100
4 165200
4 165300
4 165400
4 165500
4 165600
4 165700
4 165800
4 165900
4 166000
4 166100
4 166200
4 166300
4 166400
4 166500
4 166600
4 166700
4 166800
4 166900
4 167000
4 167100
4 167200
4 167300
4 167400
4 167500
4 167600
4 167700
4 167800
4 167900
4 168000
4 168100
4 168200
4 168300
4 168400
4 168500
4 168600
4 168700
4 168800
4 168900
4 169000
4 169100
4 169200
4 169300
4 169400
4 169500
4 169600
4 169700
4 169800
4 169900
4 170000
4 170100
4 170200
Signal Handled
thread5 running
5 0
5 100
5 200
5 300
5 400
5 500
5 600
5 700
5 800
5 900
5 1000
5 1100
5 1200
5 1300
5 1400
5 1500
5 1600
5 1700
5 1800
5 1900
5 2000
5 2100
5 2200
5 2300
5 2400
5 2500
5 2600
5 2700
5 2800
5 2900
5 3000
5 3100
5 3200
5 3300
5 3400
5 3500
5 3600
5 3700
5 3800
5 3900
5 4000
5 4100
5 4200
5 4300
5 4400
5 4500
5 4600
5 4700
5 4800
5 4900
5 5000
5 5100
5 5200
5 5300
5 5400
5 5500
5 5600
5 5700
5 5800
5 5900
5 6000
5 6100
5 6200
5 6300
5 6400
5 6500
5 6600
5 6700
5 6800
5 6900
5 7000
5 7100
5 7200
5 7300
5 7400
5 7500
5 7600
5 7700
5 7800
5 7900
5 8000
5 8100
5 8200
5 8300
5 8400
5 8500
5 8600
5 8700
5 8800
5 8900
5 9000
5 9100
5 9200
5 9300
5 9400
5 9500
5 9600
5 9700
5 9800
5 9900
thread5 exiting
4 170300
4 170400
4 170500
4 170600
4 170700
4 170800
4 170900
4 171000
4 171100
4 171200
4 171300
4 171400
4 171500
4 171600
4 171700
4 171800
4 171900
4 172000
4 172100
4 172200
4 172300
4 172400
4 172500
4 172600
4 172700
4 172800
4 172900
4 173000
4 173100
4 173200
4 173300
4 173400
4 173500
4 173600
4 173700
4 173800
4 173900
4 174000
4 174100
4 174200
4 174300
4 174400
4 174500
4 174600
4 174700
4 174800
4 174900
4 175000
4 175100
4 175200
4 175300
4 175400
4 175500
4 175600
4 175700
4 175800
4 175900
4 176000
4 176100
4 176200
4 176300
4 176400
4 176500
4 176600
4 176700
4 176800
4 176900
4 177000
4 177100
4 177200
4 177300
4 177400
4 177500
4 177600
4 177700
4 177800
4 177900
4 178000
4 178100
4 178200
4 178300
4 178400
4 178500
4 178600
4 178700
4 178800
4 178900
4 179000
4 179100
4 179200
4 179300
4 179400
4 179500
4 179600
4 179700
4 179800
4 179900
4 180000
4 180100
4 180200
4 180300
4 180400
4 180500
4 180600
4 180700
4 180800
4 180900
4 181000
4 181100
4 181200
4 181300
4 181400
4 181500
4 181600
4 181700
4 181800
4 181900
4 182000
4 182100
4 182200
4 182300
4 182400
4 182500
4 182600
4 182700
4 182800
4 182900
4 183000
4 183100
4 183200
4 183300
4 183400
4 183500
4 183600
4 183700
4 183800
4 183900
4 184000
4 184100
4 184200
4 184300
4 184400
4 184500
4 184600
4 184700
4 184800
4 184900
4 185000
4 185100
4 185200
4 185300
4 185400
4 185500
4 185600
4 185700
4 185800
4 185900
4 186000
4 186100
4 186200
4 186300
4 186400
4 186500
4 186600
4 186700
4 186800
4 186900
4 187000
4 187100
4 187200
4 187300
4 187400
4 187500
4 187600
4 187700
4 187800
4 187900
4 188000
4 188100
4 188200
4 188300
4 188400
4 188500
4 188600
4 188700
4 188800
4 188900
4 189000
4 189100
4 189200
4 189300
4 189400
4 189500
4 189600
4 189700
4 189800
4 189900
4 190000
4 190100
4 190200
4 190300
4 190400
4 190500
4 190600
4 190700
4 190800
4 190900
4 191000
4 191100
4 191200
4 191300
4 191400
4 191500
4 191600
4 191700
4 191800
4 191900
4 192000
4 192100
4 192200
4 192300
4 192400
4 192500
4 192600
4 192700
4 192800
4 192900
4 193000
4 193100
4 193200
4 193300
4 193400
4 193500
4 193600
4 193700
4 193800
4 193900
4 194000
4 194100
4 194200
4 194300
4 194400
4 194500
4 194600
4 194700
4 194800
4 194900
4 195000
4 195100
4 195200
4 195300
4 195400
4 195500
4 195600
4 195700
4 195800
4 195900
4 196000
4 196100
4 196200
4 196300
4 196400
4 196500
4 196600
4 196700
4 196800
4 196900
4 197000
4 197100
4 197200
4 197300
4 197400
4 197500
4 197600
4 197700
4 197800
4 197900
4 198000
4 198100
4 198200
4 198300
4 198400
4 198500
4 198600
4 198700
4 198800
4 198900
4 199000
4 199100
4 199200
4 199300
4 199400
4 199500
4 199600
4 199700
4 199800
4 199900
4 200000
4 200100
4 200200
4 200300
4 200400
4 200500
4 200600
4 200700
4 200800
4 200900
4 201000
4 201100
4 201200
4 201300
4 201400
4 201500
4 201600
4 201700
4 201800
4 201900
4 202000
4 202100
4 202200
4 202300
4 202400
4 202500
4 202600
4 202700
4 202800
4 202900
4 203000
4 203100
4 203200
4 203300
4 203400
4 203500
4 203600
4 203700
4 203800
4 203900
4 204000
4 204100
4 204200
4 204300
4 204400
4 204500
4 204600
4 204700
4 204800
4 204900
4 205000
4 205100
4 205200
4 205300
4 205400
4 205500
4 205600
4 205700
4 205800
4 205900
4 206000
4 206100
4 206200
4 206300
4 206400
4 206500
4 206600
4 206700
4 206800
4 206900
4 207000
4 207100
4 207200
4 207300
4 207400
4 207500
4 207600
4 207700
4 207800
4 207900
4 208000
4 208100
4 208200
4 208300
4 208400
4 208500
4 208600
4 208700
4 208800
4 208900
4 209000
4 209100
4 209200
4 209300
4 209400
4 209500
4 209600
4 209700
4 209800
4 209900
4 210000
4 210100
4 210200
4 210300
4 210400
4 210500
4 210600
4 210700
4 210800
4 210900
4 211000
4 211100
4 211200
4 211300
4 211400
4 211500
4 211600
4 211700
4 211800
4 211900
4 212000
4 212100
4 212200
4 212300
4 212400
4 212500
4 212600
4 212700
4 212800
4 212900
4 213000
4 213100
4 213200
4 213300
4 213400
4 213500
4 213600
4 213700
4 213800
4 213900
4 214000
4 214100
4 214200
4 214300
4 214400
4 214500
4 214600
4 214700
4 214800
4 214900
4 215000
4 215100
4 215200
4 215300
4 215400
4 215500
4 215600
4 215700
4 215800
4 215900
4 216000
4 216100
4 216200
4 216300
4 216400
4 216500
4 216600
4 216700
4 216800
4 216900
4 217000
4 217100
4 217200
4 217300
4 217400
4 217500
4 217600
4 217700
4 217800
4 217900
4 218000
4 218100
4 218200
4 218300
4 218400
4 218500
4 218600
4 218700
4 218800
4 218900
4 219000
4 219100
4 219200
4 219300
4 219400
4 219500
4 219600
4 219700
4 219800
4 219900
4 220000
4 220100
4 220200
4 220300
4 220400
4 220500
4 220600
4 220700
4 220800
4 220900
4 221000
4 221100
4 221200
4 221300
4 221400
4 221500
4 221600
4 221700
4 221800
4 221900
4 222000
4 222100
4 222200
4 222300
4 222400
4 222500
4 222600
4 222700
4 222800
4 222900
4 223000
4 223100
4 223200
4 223300
4 223400
4 223500
4 223600
4 223700
4 223800
4 223900
4 224000
4 224100
4 224200
4 224300
4 224400
4 224500
4 224600
4 224700
4 224800
4 224900
4 225000
4 225100
4 225200
4 225300
4 225400
4 225500
4 225600
4 225700
4 225800
4 225900
4 226000
4 226100
4 226200
4 226300
4 226400
4 226500
4 226600
4 226700
4 226800
4 226900
4 227000
4 227100
4 227200
4 227300
4 227400
4 227500
4 227600
4 227700
4 227800
4 227900
4 228000
4 228100
4 228200
4 228300
4 228400
4 228500
4 228600
4 228700
4 228800
4 228900
4 229000
4 229100
4 229200
4 229300
4 229400
4 229500
4 229600
4 229700
4 229800
4 229900
4 230000
4 230100
4 230200
4 230300
4 230400
4 230500
4 230600
4 230700
4 230800
4 230900
4 231000
4 231100
4 231200
4 231300
4 231400
4 231500
4 231600
4 231700
4 231800
4 231900
4 232000
4 232100
4 232200
4 232300
4 232400
4 232500
4 232600
4 232700
4 232800
4 232900
4 233000
4 233100
4 233200
4 233300
4 233400
4 233500
4 233600
4 233700
4 233800
4 233900
4 234000
4 234100
4 234200
4 234300
4 234400
4 234500
4 234600
4 234700
4 234800
4 234900
4 235000
4 235100
4 235200
4 235300
4 235400
4 235500
4 235600
4 235700
4 235800
4 235900
4 236000
4 236100
4 236200
4 236300
4 236400
4 236500
4 236600
4 236700
4 236800
4 236900
4 237000
4 237100
4 237200
4 237300
4 237400
4 237500
4 237600
4 237700
4 237800
4 237900
4 238000
4 238100
4 238200
4 238300
4 238400
4 238500
4 238600
4 238700
4 238800
4 238900
4 239000
4 239100
4 239200
4 239300
4 239400
4 239500
4 239600
4 239700
4 239800
4 239900
4 240000
4 240100
4 240200
4 240300
4 240400
4 240500
4 240600
4 240700
4 240800
4 240900
4 241000
4 241100
4 241200
4 241300
4 241400
4 241500
4 241600
4 241700
4 241800
4 241900
4 242000
4 242100
4 242200
4 242300
4 242400
4 242500
4 242600
4 242700
4 242800
4 242900
4 243000
4 243100
4 243200
4 243300
4 243400
4 243500
4 243600
4 243700
4 243800
4 243900
4 244000
4 244100
4 244200
4 244300
4 244400
4 244500
4 244600
4 244700
4 244800
4 244900
4 245000
4 245100
4 245200
4 245300
4 245400
4 245500
4 245600
4 245700
4 245800
4 245900
4 246000
4 246100
4 246200
4 246300
4 246400
4 246500
4 246600
4 246700
4 246800
4 246900
4 247000
4 247100
4 247200
4 247300
4 247400
4 247500
4 247600
4 247700
4 247800
4 247900
4 248000
4 248100
4 248200
4 248300
4 248400
4 248500
4 248600
4 248700
4 248800
4 248900
4 249000
4 249100
4 249200
4 249300
4 249400
4 249500
4 249600
4 249700
4 249800
4 249900
4 250000
4 250100
4 250200
4 250300
4 250400
4 250500
4 250600
4 250700
4 250800
4 250900
4 251000
4 251100
4 251200
4 251300
4 251400
4 251500
4 251600
4 251700
4 251800
4 251900
4 252000
4 252100
4 252200
4 252300
4 252400
4 252500
4 252600
4 252700
4 252800
4 252900
4 253000
4 253100
4 253200
4 253300
4 253400
4 253500
4 253600
4 253700
4 253800
4 253900
4 254000
4 254100
4 254200
4 254300
4 254400
4 254500
4 254600
4 254700
4 254800
4 254900
4 255000
4 255100
4 255200
4 255300
4 255400
4 255500
4 255600
4 255700
4 255800
4 255900
4 256000
4 256100
4 256200
4 256300
4 256400
4 256500
4 256600
4 256700
4 256800
4 256900
4 257000
4 257100
4 257200
4 257300
4 257400
4 257500
4 257600
4 257700
4 257800
4 257900
4 258000
4 258100
4 258200
4 258300
4 258400
4 258500
4 258600
4 258700
4 258800
4 258900
4 259000
4 259100
4 259200
4 259300
4 259400
4 259500
4 259600
4 259700
4 259800
4 259900
4 260000
4 260100
4 260200
4 260300
4 260400
4 260500
4 260600
4 260700
4 260800
4 260900
4 261000
4 261100
4 261200
4 261300
4 261400
4 261500
4 261600
4 261700
4 261800
4 261900
4 262000
4 262100
4 262200
4 262300
4 262400
4 262500
4 262600
4 262700
4 262800
4 262900
4 263000
4 263100
4 263200
4 263300
4 263400
4 263500
4 263600
4 263700
4 263800
4 263900
4 264000
4 264100
4 264200
4 264300
4 264400
4 264500
4 264600
4 264700
4 264800
4 264900
4 265000
4 265100
4 265200
4 265300
4 265400
4 265500
4 265600
4 265700
4 265800
4 265900
4 266000
4 266100
4 266200
4 266300
4 266400
4 266500
4 266600
4 266700
4 266800
4 266900
4 267000
4 267100
4 267200
4 267300
4 267400
4 267500
4 267600
4 267700
4 267800
4 267900
4 268000
4 268100
4 268200
4 268300
4 268400
4 268500
4 268600
4 268700
4 268800
4 268900
4 269000
4 269100
4 269200
4 269300
4 269400
4 269500
4 269600
4 269700
4 269800
4 269900
4 270000
4 270100
4 270200
4 270300
4 270400
4 270500
4 270600
4 270700
4 270800
4 270900
4 271000
4 271100
4 271200
4 271300
4 271400
4 271500
4 271600
4 271700
4 271800
4 271900
4 272000
4 272100
4 272200
4 272300
4 272400
4 272500
4 272600
4 272700
4 272800
4 272900
4 273000
4 273100
4 273200
4 273300
4 273400
4 273500
4 273600
4 273700
4 273800
4 273900
4 274000
4 274100
4 274200
4 274300
4 274400
4 274500
4 274600
4 274700
4 274800
4 274900
4 275000
4 275100
4 275200
4 275300
4 275400
4 275500
4 275600
4 275700
4 275800
4 275900
4 276000
4 276100
4 276200
4 276300
4 276400
4 276500
4 276600
4 276700
4 276800
4 276900
4 277000
4 277100
4 277200
4 277300
4 277400
4 277500
4 277600
4 277700
4 277800
4 277900
4 278000
4 278100
4 278200
4 278300
4 278400
4 278500
4 278600
4 278700
4 278800
4 278900
4 279000
4 279100
4 279200
4 279300
4 279400
4 279500
4 279600
4 279700
4 279800
4 279900
4 280000
4 280100
4 280200
4 280300
4 280400
4 280500
4 280600
4 280700
4 280800
4 280900
4 281000
4 281100
4 281200
4 281300
4 281400
4 281500
4 281600
4 281700
4 281800
4 281900
4 282000
4 282100
4 282200
4 282300
4 282400
4 282500
4 282600
4 282700
4 282800
4 282900
4 283000
4 283100
4 283200
4 283300
4 283400
4 283500
4 283600
4 283700
4 283800
4 283900
4 284000
4 284100
4 284200
4 284300
4 284400
4 284500
4 284600
4 284700
4 284800
4 284900
4 285000
4 285100
4 285200
4 285300
4 285400
4 285500
4 285600
4 285700
4 285800
4 285900
4 286000
4 286100
4 286200
4 286300
4 286400
4 286500
4 286600
4 286700
4 286800
4 286900
4 287000
4 287100
4 287200
4 287300
4 287400
4 287500
4 287600
4 287700
4 287800
4 287900
4 288000
4 288100
4 288200
4 288300
4 288400
4 288500
4 288600
4 288700
4 288800
4 288900
4 289000
4 289100
4 289200
4 289300
4 289400
4 289500
4 289600
4 289700
4 289800
4 289900
4 290000
4 290100
4 290200
4 290300
4 290400
4 290500
4 290600
4 290700
4 290800
4 290900
4 291000
4 291100
4 291200
4 291300
4 291400
4 291500
4 291600
4 291700
4 291800
4 291900
4 292000
4 292100
4 292200
4 292300
4 292400
4 292500
4 292600
4 292700
4 292800
4 292900
4 293000
4 293100
4 293200
4 293300
4 293400
4 293500
4 293600
4 293700
4 293800
4 293900
4 294000
4 294100
4 294200
4 294300
4 294400
4 294500
4 294600
4 294700
4 294800
4 294900
4 295000
4 295100
4 295200
4 295300
4 295400
4 295500
4 295600
4 295700
4 295800
4 295900
4 296000
4 296100
4 296200
4 296300
4 296400
4 296500
4 296600
4 296700
4 296800
4 296900
4 297000
4 297100
4 297200
4 297300
4 297400
4 297500
4 297600
4 297700
4 297800
4 297900
4 298000
4 298100
4 298200
4 298300
4 298400
4 298500
4 298600
4 298700
4 298800
4 298900
4 299000
4 299100
4 299200
4 299300
4 299400
4 299500
4 299600
4 299700
4 299800
4 299900
4 300000
4 300100
4 300200
4 300300
4 300400
4 300500
4 300600
4 300700
4 300800
4 300900
4 301000
4 301100
4 301200
4 301300
4 301400
4 301500
4 301600
4 301700
4 301800
4 301900
4 302000
4 302100
4 302200
4 302300
4 302400
4 302500
4 302600
4 302700
4 302800
4 302900
4 303000
4 303100
4 303200
4 303300
4 303400
4 303500
4 303600
4 303700
4 303800
4 303900
4 304000
4 304100
4 304200
4 304300
4 304400
4 304500
4 304600
4 304700
4 304800
4 304900
4 305000
4 305100
4 305200
4 305300
4 305400
4 305500
4 305600
4 305700
4 305800
4 305900
4 306000
4 306100
4 306200
4 306300
4 306400
4 306500
4 306600
4 306700
4 306800
4 306900
4 307000
4 307100
4 307200
4 307300
4 307400
4 307500
4 307600
4 307700
4 307800
4 307900
4 308000
4 308100
4 308200
4 308300
4 308400
4 308500
4 308600
4 308700
4 308800
4 308900
4 309000
4 309100
4 309200
4 309300
4 309400
4 309500
4 309600
4 309700
4 309800
4 309900
4 310000
4 310100
4 310200
4 310300
4 310400
4 310500
4 310600
4 310700
4 310800
4 310900
4 311000
4 311100
4 311200
4 311300
4 311400
4 311500
4 311600
4 311700
4 311800
4 311900
4 312000
4 312100
4 312200
4 312300
4 312400
4 312500
4 312600
4 312700
4 312800
4 312900
4 313000
4 313100
4 313200
4 313300
4 313400
4 313500
4 313600
4 313700
4 313800
4 313900
4 314000
4 314100
4 314200
4 314300
4 314400
4 314500
4 314600
4 314700
4 314800
4 314900
4 315000
4 315100
4 315200
4 315300
4 315400
4 315500
4 315600
4 315700
4 315800
4 315900
4 316000
4 316100
4 316200
4 316300
4 316400
4 316500
4 316600
4 316700
4 316800
4 316900
4 317000
4 317100
4 317200
4 317300
4 317400
4 317500
4 317600
4 317700
4 317800
4 317900
4 318000
4 318100
4 318200
4 318300
4 318400
4 318500
4 318600
4 318700
4 318800
4 318900
4 319000
4 319100
4 319200
4 319300
4 319400
4 319500
4 319600
4 319700
4 319800
4 319900
4 320000
4 320100
4 320200
4 320300
4 320400
4 320500
4 320600
4 320700
4 320800
4 320900
4 321000
4 321100
4 321200
4 321300
4 321400
4 321500
4 321600
4 321700
4 321800
4 321900
4 322000
4 322100
4 322200
4 322300
4 322400
4 322500
4 322600
4 322700
4 322800
4 322900
4 323000
4 323100
4 323200
4 323300
4 323400
4 323500
4 323600
4 323700
4 323800
4 323900
4 324000
4 324100
4 324200
4 324300
4 324400
4 324500
4 324600
4 324700
4 324800
4 324900
4 325000
4 325100
4 325200
4 325300
4 325400
4 325500
4 325600
4 325700
4 325800
4 325900
4 326000
4 326100
4 326200
4 326300
4 326400
4 326500
4 326600
4 326700
4 326800
4 326900
4 327000
4 327100
4 327200
4 327300
4 327400
4 327500
4 327600
4 327700
4 327800
4 327900
4 328000
4 328100
4 328200
4 328300
4 328400
4 328500
4 328600
4 328700
4 328800
4 328900
4 329000
4 329100
4 329200
4 329300
4 329400
4 329500
4 329600
4 329700
4 329800
4 329900
4 330000
4 330100
4 330200
4 330300
4 330400
4 330500
4 330600
4 330700
4 330800
4 330900
4 331000
4 331100
4 331200
4 331300
4 331400
4 331500
4 331600
4 331700
4 331800
4 331900
4 332000
4 332100
4 332200
4 332300
4 332400
4 332500
4 332600
4 332700
4 332800
4 332900
4 333000
4 333100
4 333200
4 333300
4 333400
4 333500
4 333600
4 333700
4 333800
4 333900
4 334000
4 334100
4 334200
4 334300
4 334400
4 334500
4 334600
4 334700
4 334800
4 334900
4 335000
4 335100
4 335200
4 335300
4 335400
4 335500
4 335600
4 335700
4 335800
4 335900
4 336000
4 336100
4 336200
4 336300
4 336400
4 336500
4 336600
4 336700
4 336800
4 336900
4 337000
4 337100
4 337200
4 337300
4 337400
4 337500
4 337600
4 337700
4 337800
4 337900
4 338000
4 338100
4 338200
4 338300
4 338400
4 338500
4 338600
4 338700
4 338800
4 338900
4 339000
4 339100
4 339200
4 339300
4 339400
4 339500
4 339600
4 339700
4 339800
4 339900
4 340000
4 340100
4 340200
4 340300
4 340400
4 340500
4 340600
4 340700
4 340800
4 340900
4 341000
4 341100
4 341200
4 341300
4 341400
4 341500
4 341600
4 341700
4 341800
4 341900
4 342000
4 342100
4 342200
4 342300
4 342400
4 342500
4 342600
4 342700
4 342800
4 342900
4 343000
4 343100
4 343200
4 343300
4 343400
4 343500
4 343600
4 343700
4 343800
4 343900
4 344000
4 344100
4 344200
4 344300
4 344400
4 344500
4 344600
4 344700
4 344800
4 344900
4 345000
4 345100
4 345200
4 345300
4 345400
4 345500
4 345600
4 345700
4 345800
4 345900
4 346000
4 346100
4 346200
4 346300
4 346400
4 346500
4 346600
4 346700
4 346800
4 346900
4 347000
4 347100
4 347200
4 347300
4 347400
4 347500
4 347600
4 347700
4 347800
4 347900
4 348000
4 348100
4 348200
4 348300
4 348400
Signal Handled
4 348500
4 348600
4 348700
4 348800
4 348900
4 349000
4 349100
4 349200
4 349300
4 349400
4 349500
4 349600
4 349700
4 349800
4 349900
4 350000
4 350100
4 350200
4 350300
4 350400
4 350500
4 350600
4 350700
4 350800
4 350900
4 351000
4 351100
4 351200
4 351300
4 351400
4 351500
4 351600
4 351700
4 351800
4 351900
4 352000
4 352100
4 352200
4 352300
4 352400
4 352500
4 352600
4 352700
4 352800
4 352900
4 353000
4 353100
4 353200
4 353300
4 353400
4 353500
4 353600
4 353700
4 353800
4 353900
4 354000
4 354100
4 354200
4 354300
4 354400
4 354500
4 354600
4 354700
4 354800
4 354900
4 355000
4 355100
4 355200
4 355300
4 355400
4 355500
4 355600
4 355700
4 355800
4 355900
4 356000
4 356100
4 356200
4 356300
4 356400
4 356500
4 356600
4 356700
4 356800
4 356900
4 357000
4 357100
4 357200
4 357300
4 357400
4 357500
4 357600
4 357700
4 357800
4 357900
4 358000
4 358100
4 358200
4 358300
4 358400
4 358500
4 358600
4 358700
4 358800
4 358900
4 359000
4 359100
4 359200
4 359300
4 359400
4 359500
4 359600
4 359700
4 359800
4 359900
4 360000
4 360100
4 360200
4 360300
4 360400
4 360500
4 360600
4 360700
4 360800
4 360900
4 361000
4 361100
4 361200
4 361300
4 361400
4 361500
4 361600
4 361700
4 361800
4 361900
4 362000
4 362100
4 362200
4 362300
4 362400
4 362500
4 362600
4 362700
4 362800
4 362900
4 363000
4 363100
4 363200
4 363300
4 363400
4 363500
4 363600
4 363700
4 363800
4 363900
4 364000
4 364100
4 364200
4 364300
4 364400
4 364500
4 364600
4 364700
4 364800
4 364900
4 365000
4 365100
4 365200
4 365300
4 365400
4 365500
4 365600
4 365700
4 365800
4 365900
4 366000
4 366100
4 366200
4 366300
4 366400
4 366500
4 366600
4 366700
4 366800
4 366900
4 367000
4 367100
4 367200
4 367300
4 367400
4 367500
4 367600
4 367700
4 367800
4 367900
4 368000
4 368100
4 368200
4 368300
4 368400
4 368500
4 368600
4 368700
4 368800
4 368900
4 369000
4 369100
4 369200
4 369300
4 369400
4 369500
4 369600
4 369700
4 369800
4 369900
4 370000
4 370100
4 370200
4 370300
4 370400
4 370500
4 370600
4 370700
4 370800
4 370900
4 371000
4 371100
4 371200
4 371300
4 371400
4 371500
4 371600
4 371700
4 371800
4 371900
4 372000
4 372100
4 372200
4 372300
4 372400
4 372500
4 372600
4 372700
4 372800
4 372900
4 373000
4 373100
4 373200
4 373300
4 373400
4 373500
4 373600
4 373700
4 373800
4 373900
4 374000
4 374100
4 374200
4 374300
4 374400
4 374500
4 374600
4 374700
4 374800
4 374900
4 375000
4 375100
4 375200
4 375300
4 375400
4 375500
4 375600
4 375700
4 375800
4 375900
4 376000
4 376100
4 376200
4 376300
4 376400
4 376500
4 376600
4 376700
4 376800
4 376900
4 377000
4 377100
4 377200
4 377300
4 377400
4 377500
4 377600
4 377700
4 377800
4 377900
4 378000
4 378100
4 378200
4 378300
4 378400
4 378500
4 378600
4 378700
4 378800
4 378900
4 379000
4 379100
4 379200
4 379300
4 379400
4 379500
4 379600
4 379700
4 379800
4 379900
4 380000
4 380100
4 380200
4 380300
4 380400
4 380500
4 380600
4 380700
4 380800
4 380900
4 381000
4 381100
4 381200
4 381300
4 381400
4 381500
4 381600
4 381700
4 381800
4 381900
4 382000
4 382100
4 382200
4 382300
4 382400
4 382500
4 382600
4 382700
4 382800
4 382900
4 383000
4 383100
4 383200
4 383300
4 383400
4 383500
4 383600
4 383700
4 383800
4 383900
4 384000
4 384100
4 384200
4 384300
4 384400
4 384500
4 384600
4 384700
4 384800
4 384900
4 385000
4 385100
4 385200
4 385300
4 385400
4 385500
4 385600
4 385700
4 385800
4 385900
4 386000
4 386100
4 386200
4 386300
4 386400
4 386500
4 386600
4 386700
4 386800
4 386900
4 387000
4 387100
4 387200
4 387300
4 387400
4 387500
4 387600
4 387700
4 387800
4 387900
4 388000
4 388100
4 388200
4 388300
4 388400
4 388500
4 388600
4 388700
4 388800
4 388900
4 389000
4 389100
4 389200
4 389300
4 389400
4 389500
4 389600
4 389700
4 389800
4 389900
4 390000
4 390100
4 390200
4 390300
4 390400
4 390500
4 390600
4 390700
4 390800
4 390900
4 391000
4 391100
4 391200
4 391300
4 391400
4 391500
4 391600
4 391700
4 391800
4 391900
4 392000
4 392100
4 392200
4 392300
4 392400
4 392500
4 392600
4 392700
4 392800
4 392900
4 393000
4 393100
4 393200
4 393300
4 393400
4 393500
4 393600
4 393700
4 393800
4 393900
4 394000
4 394100
4 394200
4 394300
4 394400
4 394500
4 394600
4 394700
4 394800
4 394900
4 395000
4 395100
4 395200
4 395300
4 395400
4 395500
4 395600
4 395700
4 395800
4 395900
4 396000
4 396100
4 396200
4 396300
4 396400
4 396500
4 396600
4 396700
4 396800
4 396900
4 397000
4 397100
4 397200
4 397300
4 397400
4 397500
4 397600
4 397700
4 397800
4 397900
4 398000
4 398100
4 398200
4 398300
4 398400
4 398500
4 398600
4 398700
4 398800
4 398900
4 399000
4 399100
4 399200
4 399300
4 399400
4 399500
4 399600
4 399700
4 399800
4 399900
4 400000
4 400100
4 400200
4 400300
4 400400
4 400500
4 400600
4 400700
4 400800
4 400900
4 401000
4 401100
4 401200
4 401300
4 401400
4 401500
4 401600
4 401700
4 401800
4 401900
4 402000
4 402100
4 402200
4 402300
4 402400
4 402500
4 402600
4 402700
4 402800
4 402900
4 403000
4 403100
4 403200
4 403300
4 403400
4 403500
4 403600
4 403700
4 403800
4 403900
4 404000
4 404100
4 404200
4 404300
4 404400
4 404500
4 404600
4 404700
4 404800
4 404900
4 405000
4 405100
4 405200
4 405300
4 405400
4 405500
4 405600
4 405700
4 405800
4 405900
4 406000
4 406100
4 406200
4 406300
4 406400
4 406500
4 406600
4 406700
4 406800
4 406900
4 407000
4 407100
4 407200
4 407300
4 407400
4 407500
4 407600
4 407700
4 407800
4 407900
4 408000
4 408100
4 408200
4 408300
4 408400
4 408500
4 408600
4 408700
4 408800
4 408900
4 409000
4 409100
4 409200
4 409300
4 409400
4 409500
4 409600
4 409700
4 409800
4 409900
4 410000
4 410100
4 410200
4 410300
4 410400
4 410500
4 410600
4 410700
4 410800
4 410900
4 411000
4 411100
4 411200
4 411300
4 411400
4 411500
4 411600
4 411700
4 411800
4 411900
4 412000
4 412100
4 412200
4 412300
4 412400
4 412500
4 412600
4 412700
4 412800
4 412900
4 413000
4 413100
4 413200
4 413300
4 413400
4 413500
4 413600
4 413700
4 413800
4 413900
4 414000
4 414100
4 414200
4 414300
4 414400
4 414500
4 414600
4 414700
4 414800
4 414900
4 415000
4 415100
4 415200
4 415300
4 415400
4 415500
4 415600
4 415700
4 415800
4 415900
4 416000
4 416100
4 416200
4 416300
4 416400
4 416500
4 416600
4 416700
4 416800
4 416900
4 417000
4 417100
4 417200
4 417300
4 417400
4 417500
4 417600
4 417700
4 417800
4 417900
4 418000
4 418100
4 418200
4 418300
4 418400
4 418500
4 418600
4 418700
4 418800
4 418900
4 419000
4 419100
4 419200
4 419300
4 419400
4 419500
4 419600
4 419700
4 419800
4 419900
4 420000
4 420100
4 420200
4 420300
4 420400
4 420500
4 420600
4 420700
4 420800
4 420900
4 421000
4 421100
4 421200
4 421300
4 421400
4 421500
4 421600
4 421700
4 421800
4 421900
4 422000
4 422100
4 422200
4 422300
4 422400
4 422500
4 422600
4 422700
4 422800
4 422900
4 423000
4 423100
4 423200
4 423300
4 423400
4 423500
4 423600
4 423700
4 423800
4 423900
4 424000
4 424100
4 424200
4 424300
4 424400
4 424500
4 424600
4 424700
4 424800
4 424900
4 425000
4 425100
4 425200
4 425300
4 425400
4 425500
4 425600
4 425700
4 425800
4 425900
4 426000
4 426100
4 426200
4 426300
4 426400
4 426500
4 426600
4 426700
4 426800
4 426900
4 427000
4 427100
4 427200
4 427300
4 427400
4 427500
4 427600
4 427700
4 427800
4 427900
4 428000
4 428100
4 428200
4 428300
4 428400
4 428500
4 428600
4 428700
4 428800
4 428900
4 429000
4 429100
4 429200
4 429300
4 429400
4 429500
4 429600
4 429700
4 429800
4 429900
4 430000
4 430100
4 430200
4 430300
4 430400
4 430500
4 430600
4 430700
4 430800
4 430900
4 431000
4 431100
4 431200
4 431300
4 431400
4 431500
4 431600
4 431700
4 431800
4 431900
4 432000
4 432100
4 432200
4 432300
4 432400
4 432500
4 432600
4 432700
4 432800
4 432900
4 433000
4 433100
4 433200
4 433300
4 433400
4 433500
4 433600
4 433700
4 433800
4 433900
4 434000
4 434100
4 434200
4 434300
4 434400
4 434500
4 434600
4 434700
4 434800
4 434900
4 435000
4 435100
4 435200
4 435300
4 435400
4 435500
4 435600
4 435700
4 435800
4 435900
4 436000
4 436100
4 436200
4 436300
4 436400
4 436500
4 436600
4 436700
4 436800
4 436900
4 437000
4 437100
4 437200
4 437300
4 437400
4 437500
4 437600
4 437700
4 437800
4 437900
4 438000
4 438100
4 438200
4 438300
4 438400
4 438500
4 438600
4 438700
4 438800
4 438900
4 439000
4 439100
4 439200
4 439300
4 439400
4 439500
4 439600
4 439700
4 439800
4 439900
4 440000
4 440100
4 440200
4 440300
4 440400
4 440500
4 440600
4 440700
4 440800
4 440900
4 441000
4 441100
4 441200
4 441300
4 441400
4 441500
4 441600
4 441700
4 441800
4 441900
4 442000
4 442100
4 442200
4 442300
4 442400
4 442500
4 442600
4 442700
4 442800
4 442900
4 443000
4 443100
4 443200
4 443300
4 443400
4 443500
4 443600
4 443700
4 443800
4 443900
4 444000
4 444100
4 444200
4 444300
4 444400
4 444500
4 444600
4 444700
4 444800
4 444900
4 445000
4 445100
4 445200
4 445300
4 445400
4 445500
4 445600
4 445700
4 445800
4 445900
4 446000
4 446100
4 446200
4 446300
4 446400
4 446500
4 446600
4 446700
4 446800
4 446900
4 447000
4 447100
4 447200
4 447300
4 447400
4 447500
4 447600
4 447700
4 447800
4 447900
4 448000
4 448100
4 448200
4 448300
4 448400
4 448500
4 448600
4 448700
4 448800
4 448900
4 449000
4 449100
4 449200
4 449300
4 449400
4 449500
4 449600
4 449700
4 449800
4 449900
4 450000
4 450100
4 450200
4 450300
4 450400
4 450500
4 450600
4 450700
4 450800
4 450900
4 451000
4 451100
4 451200
4 451300
4 451400
4 451500
4 451600
4 451700
4 451800
4 451900
4 452000
4 452100
4 452200
4 452300
4 452400
4 452500
4 452600
4 452700
4 452800
4 452900
4 453000
4 453100
4 453200
4 453300
4 453400
4 453500
4 453600
4 453700
4 453800
4 453900
4 454000
4 454100
4 454200
4 454300
4 454400
4 454500
4 454600
4 454700
4 454800
4 454900
4 455000
4 455100
4 455200
4 455300
4 455400
4 455500
4 455600
4 455700
4 455800
4 455900
4 456000
4 456100
4 456200
4 456300
4 456400
4 456500
4 456600
4 456700
4 456800
4 456900
4 457000
4 457100
4 457200
4 457300
4 457400
4 457500
4 457600
4 457700
4 457800
4 457900
4 458000
4 458100
4 458200
4 458300
4 458400
4 458500
4 458600
4 458700
4 458800
4 458900
4 459000
4 459100
4 459200
4 459300
4 459400
4 459500
4